              precision    recall  f1-score   support

           3       0.00      0.00      0.00         2
           4       0.00      0.00      0.00        11
           5       0.68      0.72      0.70       116
           6       0.58      0.67      0.62       107
           7       0.48      0.30      0.37        33
           8       0.00      0.00      0.00         3

    accuracy                           0.61       272
   macro avg       0.29      0.28      0.28       272
weighted avg       0.58      0.61      0.59       272
